431
10
584
408
122
616
62
81
211
210
685
67
165
754
455
928
675
239
520
776
155
966
877
31
426
751
358
622
401
48
683
734
408
902
767
822
883
35
323
928
797
560
853
759
667
104
787
958
330
740
400
521
226
546
542
669
477
527
80
623
825
641
439
898
348
6
399
968
882
810
5
591
999
542
730
736
973
148
839
276
581
894
668
60
568
63
865
68
632
992
95
927
572
869
131
19
467
277
888
887
104
656
934
912
1
879
347
933
139
671
648
718
272
685
256
317
142
528
395
897
909
108
248
582
239
436
837
589
685
448
39
950
869
5
234
480
725
451
791
304
303
651
506
866
793
821
791
839
147
995
928
522
27
225
438
97
916
552
962
183
652
541
355
566
207
173
311
857
152
697
559
484
975
273
253
826
409
561
400
366
17
491
601
782
819
105
203
38
21
714
220
565
260
257
308
103
710
762
439
196
368
737
478
613
968
88
238
882
323
302
926
758
26
120
459
818
982
553
636
867
879
684
18
475
273
659
833
415
434
522
149
821
960
361
887
367
855
219
796
299
772
999
257
348
922
196
417
187
914
374
446
150
637
605
264
40
735
472
508
162
270
795
647
546
116
292
994
272
266
981
815
768
289
759
897
804
86
119
880
530
587
373
948
453
147
714
580
102
834
5
800
619
925
748
979
66
537
880
37
479
342
427
248
935
496
317
890
523
925
983
797
147
81
619
908
996
657
260
879
808
905
905
4
90
320
60
685
730
12
623
988
241
977
313
987
741
525
457
958
658
855
949
735
678
720
669
246
18
654
528
438
277
897
366
542
800
738
947
715
918
109
934
866
33
281
536
953
77
618
660
53
718
974
623
990
805
690
727
619
966
218
522
290
586
686
118
984
2
73
216
644
849
841
306
555
575
88
483
434
775
88
74
220
65
404
107
641
48
691
976
508
702
373
642
124
246
745
547
61
731
82
924
26
13
267
21
874
593
66
842
404
61
25
291
106
284
339
916
373
91
428
358
368
586
732
771
332
982
625
464
493
250
907
483
193
539
683
540
52
325
572
783
649
691
384
63
574
548
746
346
31
101
719
831
655
827
963
100
905
104
18
938
597
773
453
327
993
581
498
487
996
971
796
955
526
609
25
579
942
687
838
547
598
49
857
65
72
484
777
586
783
942
389
362
75
902
451
439
334
482
561
78
11
262
268
257
346
957
55
669
519
79
510
338
647
49
786
428
974
107
969
124
232
971
574
573
464
405
501
277
261
237
508
970
40
972
458
237
234
604
996
169
332
351
161
102
170
875
86
88
348
888
205
370
677
636
939
906
323
841
495
682
931
365
459
203
753
583
54
547
568
364
702
152
830
115
25
57
159
79
63
313
759
996
673
699
787
599
558
72
517
487
636
78
70
385
530
197
270
608
887
888
328
526
759
385
731
546
606
929
74
289
513
262
701
868
441
866
750
507
582
256
75
858
509
210
937
560
49
219
812
680
168
669
531
407
838
297
802
52
257
784
711
364
300
484
442
724
917
503
874
5
168
891
540
81
79
960
949
374
408
991
784
206
730
134
885
433
568
93
231
21
862
698
868
28
327
389
162
23
292
9
854
541
555
209
741
573
476
945
665
662
165
160
102
996
588
670
570
506
46
427
983
844
421
852
974
388
405
567
874
593
114
825
183
168
708
855
782
108
509
589
4
749
86
867
970
564
405
815
607
307
188
550
342
730
959
335
638
357
765
903
36
121
314
624
120
304
947
675
331
700
47
493
672
852
88
215
693
155
689
494
644
690
131
59
254
927
54
340
281
532
716
116
712
808
146
134
405
965
67
185
724
705
698
342
126
343
336
181
711
554
2
741
732
777
900
671
378
847
153
265
262
824
207
100
655
769
87
884
820
513
814
654
293
76
284
131
346
53
540
316
400
37
168
430
565
602
153
224
357
287
14
819
710
883
768
63
99
648
349
643
259
546
756
278
855
541
409
341
963
203
528
115
779
827
714
920
461
799
46
483
200
694
625
155
261
377
104
542
547
814
751
111
385
5
755
3
892
480
407
34
781
985
616
991
230
11
693
416
333
667
345
413
269
331
869
383
798
173
209
894
792
569
645
558
739
672
122
783
837
648
78
667
413
693
899
765
480
708
129
961
652
787
12
15
471
223
69
885
989
777
924
329
491
659
838
941
601
946
823
458
526
897
185
725
515
928
180
501
206
535
740
239
351
513
149
489
708
835
559
491
382
661
560
831
528
869
273
61
187
310
362
63
523
805
75
593
265
974
